[ EUCLIDEAN
(1, 0.8816666666666667),
(2, 0.8866666666666667),
(3, 0.9066666666666666),
(4, 0.91),
(5, 0.94),
(6, 0.92),
(7, 0.9183333333333333),
(8, 0.9133333333333333),
(9, 0.9116666666666666),
(10, 0.9083333333333333),
(11, 0.9166666666666666),
(12, 0.91),
(13, 0.9133333333333333),
(14, 0.9083333333333333),
(15, 0.9116666666666666),
(16, 0.9033333333333333),
(17, 0.9016666666666666),
(18, 0.905),
(19, 0.905),
(20, 0.9066666666666666),
(21, 0.9066666666666666),
(22, 0.9083333333333333),
(23, 0.8983333333333333),
(24, 0.9066666666666666),
(25, 0.9016666666666666),
(26, 0.8983333333333333),
(27, 0.9),
(28, 0.9016666666666666),
(29, 0.89),
(30, 0.895)
]


[MANHATTAN
(1, 0.8633333333333333),
(2, 0.855),
(3, 0.905),
(4, 0.8933333333333333),
(5, 0.9083333333333333),
(6, 0.895),
(7, 0.905),
(8, 0.8983333333333333),
(9, 0.9066666666666666),
(10, 0.905),
(11, 0.9133333333333333),
(12, 0.9133333333333333),
(13, 0.91),
(14, 0.9066666666666666),
(15, 0.9066666666666666),
(16, 0.905),
(17, 0.9),
(18, 0.895),
(19, 0.9016666666666666),
(20, 0.9),
(21, 0.905),
(22, 0.9016666666666666),
(23, 0.895),
(24, 0.895),
(25, 0.8983333333333333),
(26, 0.8966666666666666),
(27, 0.8916666666666667),
(28, 0.8916666666666667),
(29, 0.89),
(30, 0.8916666666666667)
]


