[(28, 318, 0.9896139438603674), (28, 442, -0.6581652006992801), (28, 451, 0.9891509894404124), (28, 472, -0.6580698101619881),
(48, 378, 0.9883381208716772), (64, 241, -0.733766621601615),
 (64, 336, 0.9903876176681399), (64, 455, 0.6206762825476585), (64, 475, -0.7330562413730927),
 (105, 128, 0.9893359192723756), (105, 338, -0.6841022729793044), (105, 455, -0.695410174643128),
 (128, 338, -0.6851091798489695), (128, 455, -0.6959260978327004), (153, 281, 0.9886834828361584),
 (153, 338, -0.6342122747459752), (153, 433, 0.9893397955499983), (241, 336, -0.7342826876819561),
 (241, 475, 0.9892929215003362), (281, 338, -0.6326616214581324), (281, 433, 0.9890433772956952),
 (318, 442, -0.6603266710943646), (318, 451, 0.9886703048816214), (318, 472, -0.659795544046932),
 (336, 455, 0.6216418186440963), (336, 475, -0.7330546307124481), (338, 433, -0.6311089033759218),
 \(338, 442, 0.6479909903531473), (338, 472, 0.6461904851272947), (442, 451, -0.6612926697838796),
 (442, 472, 0.9902932385937588), (451, 472, -0.6612979209154606), (453, 455, -0.6339080932978272),
 (453, 493, 0.98845459447352), (455, 493, -0.636755185010418)]

 28
 48
 64
 105
 128
 153
 241
 281
 318
 336
 338
 442
 451
 453
 455


betweent 0.1 and 0.6

{
28: [105, 128, 338, 453, 493],
48: [64, 105, 128, 336, 338, 442, 453, 472, 493],
64: [105, 128, 153, 281, 338, 378, 433],
105: [153, 241, 281, 318, 336, 378, 433, 442, 451, 453, 472, 475, 493],
128: [153, 241, 281, 318, 336, 378, 433, 442, 451, 453, 472, 475, 493],
153: [336, 442, 453, 472, 493],
241: [338, 442, 453, 472, 493],
281: [336, 442, 453, 472, 493],
318: [338, 453, 493],
336: [338, 378, 433],
338: [378, 451, 453, 455, 475, 493],
378: [442, 453, 472, 493],
433: [442, 453, 472, 493],
442: [453, 455, 475, 493],
451: [453, 493],
453: [472, 475],
455: [472],
472: [475, 493],
475: [493]
}

{16: [327], 19: [146], 22: [371], 23: [130], 31: [246], 35: [493], 39: [374], 41: [499], 45: [47, 121], 46: [298], 50: [340], 58: [86, 304], 62: [244], 72: [304], 76: [94], 91: [417], 92: [203], 100: [183, 285], 105: [187], 106: [269], 107: [484], 120: [372], 122: [334], 123: [488], 125: [359], 138: [161], 141: [402], 142: [340], 145: [476], 147: [239], 151: [335], 153: [464], 154: [399, 468], 155: [393], 158: [257], 161: [409], 163: [188, 247], 177: [196], 179: [344], 182: [422, 476], 183: [299], 190: [498], 192: [261], 200: [207], 207: [286], 214: [437], 216: [359], 219: [326, 341], 228: [422], 229: [404, 461], 230: [246], 249: [477], 250: [449], 252: [305], 280: [306], 283: [325], 295: [466], 301: [438], 302: [478], 305: [327], 309: [310], 317: [444], 337: [374], 353: [486], 360: [430], 362: [365], 372: [447], 393: [470], 404: [416], 410: [466]}

